// q << -1.3919,    2.95742,   0.897212, -0.0153635,  0.0107498,   0.267474, -0.0811539, -0.0540929,   -4.50551,  0.0472255, 0.00148636,   0.405182,   -1.28286,  -0.317593,   -2.26415,  -0.713591,   0.864716,  0.0975754, -0.0627046,    1.01308, -0.0049902,    2.13518,    1.06389,   -1.57673, 0.00165356;
  // q << -1.38689,     2.95869,    0.894432,    0.114646,  -0.0967492,    0.267477,    0.563723,    0.588528,    -4.50445,   0.0585969,  -0.0120722,    0.481196,    -1.22035,   -0.240555,    -2.11996,   -0.671997,     0.67645,    0.212039,  -0.0303472,     1.01637,  -0.0214535,     2.13985,     1.07255,    -1.55994, -0.00199104;
  // q << -1.3728,    2.96192,   0.918883,   0.172411,  -0.146091,   0.267482,   0.845791,   0.848466,   -4.49687,  0.0534049, -0.0138356,   0.601209,  -0.710333,  -0.215015,   -2.36388,  -0.690264,   0.237038,   0.303923, -0.0344847,     1.0133, -0.0383556,     2.1561,    1.09479,   -1.56257,  0.0190308;
  // q <<   -1.38165,    2.95996,   0.908344,   0.210959,  -0.178394,   0.267476,    1.03337,     1.0506,   -4.48007,  0.0739735,  -0.024264,    0.33442,  -0.760382,  -0.257035,   -2.24804,  -0.821383,   0.163331,   0.184539, -0.0207256,     1.0195, -0.0471071,    2.17951,    1.11153,   -1.55622,   0.025711;
  -1.38259     2.95977   0.897798   0.254107  -0.214528   0.267485    1.25011    1.26863   -4.45619  0.0986839 -0.0313243 -0.00325376   -0.853668  -0.225228   -2.00985  -0.975471    0.132524   0.0493077 -0.00371429     1.02498  -0.0571076     2.21655     1.13765     -1.5507   0.0399173
  -1.36132    2.96524   0.898038   0.283412  -0.239613   0.267475    1.41299    1.39617   -4.44291  0.0987422 -0.0375978  -0.119365  -0.646142  -0.133848   -2.10678   -1.04472  0.0243554 0.00095371  0.0130441    1.00944 -0.0598872     2.2588    1.16331   -1.55336  0.0611493
  -1.38136     2.9601   0.892519   0.373396   -0.31601   0.267478    1.84516     1.8648   -4.41487  0.0959482 -0.0468366   -0.25152   -0.40441  0.0707987   -2.19961   -1.05175   -0.15058 -0.0408709 0.00747651    1.00467 -0.0807284    2.30021    1.18697   -1.54757   0.103163
-1.41199    2.95217   0.869435   0.671769  -0.558784   0.267483    3.30668    3.38203   -4.39463   0.133704 -0.0726893  -0.167674  -0.585713   0.415633   -1.93574  -0.840202  -0.485676  0.0198712  0.0743475    1.02577  -0.136828    2.30519     1.2072   -1.48994  0.0974557
-1.3997    2.95529   0.844469   0.849413  -0.704252   0.267479     4.1926    4.24779   -4.36874   0.122644 -0.0823194  -0.645367  -0.532385   0.632745   -1.89104  -0.784532  -0.626923  -0.357144  0.0612205    1.01227  -0.151993    2.33824    1.19869   -1.49095   0.127409
-1.40095   2.95481  0.830525  0.958727 -0.793865  0.267485   4.72906   4.78605  -4.35843  0.120769 -0.094702 -0.766592 -0.642657  0.800426  -1.80383 -0.666916 -0.795917   -0.5385 0.0580956    1.0083 -0.161381   2.34805   1.19309  -1.48751  0.137464
-1.40049    2.95522   0.849014   0.753839  -0.626238   0.267482    3.72605    3.78198   -4.33327  0.0837225 -0.0778246   -1.31995   -0.63754   0.915397    -1.5898  -0.584977   -1.07714   -1.16617  -0.024696   0.985593  -0.112361    2.43443      1.187   -1.56518   0.209914
-1.40055     2.9552   0.854314   0.631425  -0.525991   0.267487    3.13034    3.18657   -4.32773  0.0759266 -0.0710789   -1.36342  -0.594715    0.98149   -1.49278  -0.491326    -1.2371   -1.28068 -0.0440496   0.981142 -0.0984621    2.45615    1.19062   -1.58393   0.229684
-1.40038     2.9553   0.854978   0.628876  -0.523891   0.267481    3.11769    3.17366   -4.32741   0.075608 -0.0707159   -1.36335  -0.597885   0.981374   -1.49134  -0.488472   -1.24107    -1.2843 -0.0453717   0.980993 -0.0970464    2.45775    1.19098   -1.58528   0.230707
-1.40038     2.9553   0.854978   0.628876  -0.523891   0.267481    3.11769    3.17366   -4.32741   0.075608 -0.0707159   -1.36335  -0.597885   0.981374   -1.49134  -0.488472   -1.24107    -1.2843    1.36335   0.597885  -0.981374    1.49134   0.488472    1.24107     1.2843
-1.39699    2.95614    0.89627   0.513175  -0.428808   0.267472    2.53069    2.57761   -4.31104   0.062152 -0.0647486     -1.369  -0.533585   0.972282   -1.52144  -0.455985   -1.27384   -1.32183    1.28043   0.610406  -0.939032    1.50269   0.516545     1.2748    1.26748
-1.39495     2.9563   0.919505   0.451155  -0.377752   0.267465    2.21667     2.2597   -4.30237  0.0560484 -0.0609803   -1.36924  -0.508301   0.970246   -1.54398  -0.435311   -1.27607    -1.3462    1.24216   0.609306   -0.92458    1.50234   0.519929    1.29788    1.26625